[gd_scene load_steps=5 format=3 uid="uid://rdmvyqnpckl1"]

[sub_resource type="StandardMaterial3D" id="StandardMaterial3D_6rwew"]
albedo_color = Color(0.352941, 0.203922, 0.0196078, 1)

[sub_resource type="ProceduralSkyMaterial" id="ProceduralSkyMaterial_f4f7s"]
sky_horizon_color = Color(0.64625, 0.65575, 0.67075, 1)
ground_horizon_color = Color(0.64625, 0.65575, 0.67075, 1)

[sub_resource type="Sky" id="Sky_c0nm5"]
sky_material = SubResource("ProceduralSkyMaterial_f4f7s")

[sub_resource type="Environment" id="Environment_67da4"]
background_mode = 1
background_color = Color(0.07, 0.046515, 0.0273, 1)
sky = SubResource("Sky_c0nm5")
ambient_light_source = 3
tonemap_mode = 2
glow_enabled = true

[node name="Floor" type="CSGBox3D" groups=["Hazard"]]
transform = Transform3D(1, 0, 0, 0, 1, 0, 0, 0, 1, 0, -4, 0)
use_collision = true
size = Vector3(40, 8, 5)
material = SubResource("StandardMaterial3D_6rwew")

[node name="Wall" type="CSGBox3D" parent="."]
transform = Transform3D(0.983489, -0.180965, 0, 0.180965, 0.983489, 0, 0, 0, 1, -17.3028, 7.42515, 0)
size = Vector3(4, 10, 4)
material = SubResource("StandardMaterial3D_6rwew")

[node name="Wall3" type="CSGBox3D" parent="."]
transform = Transform3D(0.977838, 0.209363, 0, -0.209363, 0.977838, 0, 0, 0, 1, 17.5404, 7.42515, 0)
size = Vector3(4, 10, 4)
material = SubResource("StandardMaterial3D_6rwew")

[node name="Wall2" type="CSGBox3D" parent="."]
transform = Transform3D(0.731496, 0.681845, 0, -0.681845, 0.731496, 0, 0, 0, 1, -15.3028, 14.6892, 0)
size = Vector3(4, 10, 4)
material = SubResource("StandardMaterial3D_6rwew")

[node name="Wall4" type="CSGBox3D" parent="."]
transform = Transform3D(0.822074, -0.56938, 0, 0.56938, 0.822074, 0, 0, 0, 1, 14.2683, 15.0019, 0)
size = Vector3(4, 10, 4)
material = SubResource("StandardMaterial3D_6rwew")

[node name="Ceiling" type="CSGBox3D" parent="."]
transform = Transform3D(-0.307506, 0.951546, 0, -0.951546, -0.307506, 0, 0, 0, 1, -7.85714, 17.9086, 0)
size = Vector3(4, 10, 4)
material = SubResource("StandardMaterial3D_6rwew")

[node name="Ceiling2" type="CSGBox3D" parent="."]
transform = Transform3D(-0.152641, 0.988282, 0, -0.988282, -0.152641, 0, 0, 0, 1, 0.567658, 16.7933, -0.120447)
size = Vector3(4, 10, 4)
material = SubResource("StandardMaterial3D_6rwew")

[node name="Ceiling3" type="CSGBox3D" parent="."]
transform = Transform3D(0.596505, 0.802609, 0, -0.802609, 0.596505, 0, 0, 0, 1, 7.90129, 18.2127, -0.120447)
size = Vector3(4, 10, 4)
material = SubResource("StandardMaterial3D_6rwew")

[node name="BackgroundRock" type="CSGBox3D" parent="."]
transform = Transform3D(0.530193, -0.620491, -0.577829, 0.760259, 0.64962, 0, 0.37537, -0.4393, 0.816158, -10.4383, 3.32958, -9.62463)
size = Vector3(4, 15, 4)
material = SubResource("StandardMaterial3D_6rwew")

[node name="BackgroundRock11" type="CSGBox3D" parent="."]
transform = Transform3D(0.785989, 0.617556, -0.029093, -0.491242, 0.652412, 0.577096, 0.37537, -0.4393, 0.816158, -22.6695, 3.32958, -9.62463)
size = Vector3(4, 15, 4)
material = SubResource("StandardMaterial3D_6rwew")

[node name="BackgroundRock15" type="CSGBox3D" parent="."]
transform = Transform3D(0.785989, 0.617556, -0.029093, -0.491242, 0.652412, 0.577096, 0.37537, -0.4393, 0.816158, -22.6695, -0.319089, -9.62463)
size = Vector3(4, 15, 4)
material = SubResource("StandardMaterial3D_6rwew")

[node name="BackgroundRock12" type="CSGBox3D" parent="."]
transform = Transform3D(0.785989, 0.617556, -0.029093, -0.491242, 0.652412, 0.577096, 0.37537, -0.4393, 0.816158, -26.8303, 4.58493, -9.62463)
size = Vector3(4, 15, 4)
material = SubResource("StandardMaterial3D_6rwew")

[node name="BackgroundRock7" type="CSGBox3D" parent="."]
transform = Transform3D(0.530193, -0.620491, -0.577829, 0.760259, 0.64962, 0, 0.37537, -0.4393, 0.816158, -6.36244, 1.66707, -9.62463)
size = Vector3(4, 15, 4)
material = SubResource("StandardMaterial3D_6rwew")

[node name="BackgroundRock8" type="CSGBox3D" parent="."]
transform = Transform3D(0.530193, -0.620491, -0.577829, 0.760259, 0.64962, 0, 0.37537, -0.4393, 0.816158, -2.0721, 2.09611, -9.62463)
size = Vector3(4, 15, 4)
material = SubResource("StandardMaterial3D_6rwew")

[node name="BackgroundRock2" type="CSGBox3D" parent="."]
transform = Transform3D(0.489774, -0.653564, -0.577041, 0.786905, 0.616336, -0.0301707, 0.37537, -0.4393, 0.816158, 5.83491, 2.57846, -9.62463)
size = Vector3(4, 15, 4)
material = SubResource("StandardMaterial3D_6rwew")

[node name="BackgroundRock3" type="CSGBox3D" parent="."]
transform = Transform3D(0.489774, -0.653564, -0.577041, 0.786905, 0.616336, -0.0301707, 0.37537, -0.4393, 0.816158, 10.1205, 4.06253, -9.62463)
size = Vector3(4, 15, 4)
material = SubResource("StandardMaterial3D_6rwew")

[node name="BackgroundRock10" type="CSGBox3D" parent="."]
transform = Transform3D(0.489774, -0.653564, -0.577041, 0.786905, 0.616336, -0.0301707, 0.37537, -0.4393, 0.816158, 18.9157, 4.06253, -9.62463)
size = Vector3(4, 15, 4)
material = SubResource("StandardMaterial3D_6rwew")

[node name="BackgroundRock14" type="CSGBox3D" parent="."]
transform = Transform3D(0.489774, -0.653564, -0.577041, 0.786905, 0.616336, -0.0301707, 0.37537, -0.4393, 0.816158, 20.7504, 4.06253, -9.62463)
size = Vector3(4, 15, 4)
material = SubResource("StandardMaterial3D_6rwew")

[node name="BackgroundRock4" type="CSGBox3D" parent="."]
transform = Transform3D(0.158913, -0.58385, 0.796157, 0.489773, -0.653564, -0.577041, 0.857245, 0.481636, 0.182094, 13.1205, 17.0625, -9.62463)
size = Vector3(4, 15, 4)
material = SubResource("StandardMaterial3D_6rwew")

[node name="BackgroundRock13" type="CSGBox3D" parent="."]
transform = Transform3D(0.158913, -0.58385, 0.796157, 0.489773, -0.653564, -0.577041, 0.857245, 0.481636, 0.182094, 16.0653, 18.3613, -9.62463)
size = Vector3(4, 15, 4)
material = SubResource("StandardMaterial3D_6rwew")

[node name="BackgroundRock5" type="CSGBox3D" parent="."]
transform = Transform3D(0.158913, -0.58385, 0.796157, 0.489773, -0.653564, -0.577041, 0.857245, 0.481636, 0.182094, -4.30903, 16.419, -9.62463)
size = Vector3(4, 15, 4)
material = SubResource("StandardMaterial3D_6rwew")

[node name="BackgroundRock6" type="CSGBox3D" parent="."]
transform = Transform3D(0.158913, -0.58385, 0.796157, 0.489773, -0.653564, -0.577041, 0.857245, 0.481636, 0.182094, -0.662232, 17.7597, -9.62463)
size = Vector3(4, 15, 4)
material = SubResource("StandardMaterial3D_6rwew")

[node name="BackgroundRock9" type="CSGBox3D" parent="."]
transform = Transform3D(0.158913, -0.58385, 0.796157, 0.489773, -0.653564, -0.577041, 0.857245, 0.481636, 0.182094, -6.07879, 19.4758, -9.62463)
size = Vector3(4, 15, 4)
material = SubResource("StandardMaterial3D_6rwew")

[node name="DirectionalLight3D" type="DirectionalLight3D" parent="."]
transform = Transform3D(0.984808, -0.111619, 0.133022, 0, 0.766044, 0.642788, -0.173648, -0.633022, 0.754407, 0, 4, 0)
light_energy = 0.5
shadow_enabled = true

[node name="WorldEnvironment" type="WorldEnvironment" parent="."]
environment = SubResource("Environment_67da4")

[node name="OmniLight3D" type="OmniLight3D" parent="."]
transform = Transform3D(1, 0, 0, 0, 1, 0, 0, 0, 1, 0, 10, 0)
omni_range = 15.0
omni_attenuation = 0.5

[node name="OmniLight3D3" type="OmniLight3D" parent="."]
transform = Transform3D(1, 0, 0, 0, 1, 0, 0, 0, 1, 11, 10, 0)
omni_range = 15.0
omni_attenuation = 0.5

[node name="OmniLight3D2" type="OmniLight3D" parent="."]
transform = Transform3D(1, 0, 0, 0, 1, 0, 0, 0, 1, -11, 10, 0)
omni_range = 15.0
omni_attenuation = 0.5
